max_diff=0.000000000000e+00
mean_diff=0.000000000000e+00
values=10201
